3
4
11
20
35
46
48
54
55
68
75
79
87
90
102
149
162
164
186
187
203
212
226
235
238
244
248
316
342
345
346
349
356
359
361
362
365
391
393
394
397
405
412
414
415
421
452
455
479
492
501
505
517
534
537
556
569
574
576
585
589
590
616
628
631
632
639
691
700
725
736
740
743
745
746
757
773
786
794
813
829
867
883
888
891
896
907
908
913
922
938
952
961
981
1020
1024
1036
1062
1063
1077
1087
1088
1092
1099
1112
1114
1153
1173
1182
1183
1198
1203
1206
1208
1220
1227
1245
1253
1277
1289
1300
1314
1318
1321
1333
1345
1363
1365
1369
1392
1407
1415
1421
1426
1454
1455
1456
1463
1471
1482
1494
1525
1528
1543
1553
1557
1563
1567
1598
1606
1608
1611
1617
1628
1641
1651
1669
1683
1689
1700
1701
1723
1730
1747
1763
1774
1777
1779
1789
1792
1793
1810
1828
1839
1897
1899
1910
1914
1916
1920
1931
1941
1949
1950
1952
1959
1969
1975
1986
1996
2011
2044
2052
2071
2074
2085
2100
2106
2108
2112
2113
2117
2125
2127
2134
2136
2152
2159
2162
2170
