104122406
104125232
304110205
104114355
30491847
204381820
304102398
30499780
104113965
204141106
10486863
20489517
10499498
204101251
10485566
204115543
20490633
30491732
10489026
204101633
304125039
104137860
10497767
10487325
104114450
10486479
10498518
204359774
10486361
10497840
10492297
104130202
10486366
10487187
104126779
104120336
10497592
104120324
10496658
20494194
104109147
10497909
304115766
10486436
304106630
30491663
104122409
10487559
30492157
104122387
104109138
104141038
10492175
10488715
304109621
10485825
20493112
104127558
304110121
304115752
204434823
30492771
10499624
10486899
10492165
10496035
10486357
10493632
10497228
30495134
10497908
10497116
304124972
20499085
20490124
10496813
304120193
10486501
10486301
20489780
304125041
30492989
10488882
10485774
104123189
204125807
304124993
20499150
10488528
104369854
104126485
104125231
10498286
304124850
304102008
10487287
10498519
20495759
10498929
304100307
10493670
10493625
304124938
104141220
10486365
10487904
304113215
10486823
10485507
10489009
10497369
30492783
10486526
20493286
304100312
10489993
304118295
20499053
20498901
10489011
204127945
304102164
304102582
304110415
304124896
20489795
304124432
104114282
10487331
10497317
104108806
304102051
20486708
10488512
104109465
104109121
104109079
10487268
104122410
204101646
304125040
10488516
104108766
304125045
20490563
20494109
20493270
20494110
104114356
10486328
104386902
304102244
10488662
104108807
104127618
10493668
10488741
30495383
204123586
20493113
10485594
30492026
10489200
20494474
10488881
104123294
20490090
10487800
204115141
304113211
10498038
10486305
104108930
104108931
104123490
20493275
204370910
10496326
104108789
10488883
20489258
204127568
104127717
10498922
10492296
10486384
104114119
10497944
10487185
10496026
20493278
204115228
204101567
20490014
10496776
204436045
10486451
10488790
10487200
304102377
10485498
10498206
104122407
10497067
304100771
204351561
10485824
10486509
104358652
304100295
